165 165 165 165 165 165 165 165 165 165 165 165 165 165 165 165 165 165 165 165 165 165 165 165 165 165 165 165 165 165 165 165 165 165 165 165 165 165 165 165 165 165 165 165 165 165 165 165 165 165 165 165 165 165 165 165 165 165 165 165 165 165 165 165 165 165 165 165 165 165 165 165 165 165 165 165 165 165 165 165 165 165 165 165 165 165 165 165 165 165 165 165 165 165 165 165 165 165 165 165
165 165 165 165 165 165 165 165 165 165 165 165 165 165 165 165 165 165 165 165 165 165 165 165 165 165 165 165 165 165 165 165 165 165 165 165 165 165 165 165 165 165 165 165 165 165 165 165 165 165 165 165 165 165 165 165 165 165 165 165 165 165 165 165 165 165 165 165 165 165 165 165 165 165 165 165 165 165 165 165 165 165 165 165 165 165 165 165 165 165 165 165 165 165 165 165 165 165 165 165 
165 165 165 165 165 165 165 165 165 165 165 165 165 165 165 165 165 165 165 165 165 165 165 165 165 165 165 165 165 165 165 165 165 165 165 165 165 165 165 165 165 165 165 165 165 165 165 165 165 165 165 165 165 165 165 165 165 165 165 165 165 165 165 165 165 165 165 165 165 165 165 165 165 165 165 165 165 165 165 165 165 165 165 165 165 165 165 165 165 165 165 165 165 165 165 165 165 165 165 165 
165 165 165 165 165 165 165 165 165 165 165 165 165 165 165 165 165 165 165 165 165 165 165 165 165 165 165 165 165 165 165 165 165 165 165 165 165 165 165 165 165 165 165 165 165 165 165 165 165 165 165 165 165 165 165 165 165 165 165 165 165 165 165 165 165 165 165 165 165 165 165 165 165 165 165 165 165 165 165 165 165 165 165 165 165 165 165 165 165 165 165 165 165 165 165 165 165 165 165 165 
165 165 165 165 165 165 165 165 165 165 165 165 165 165 165 165 165 165 165 165 165 165 165 165 165 165 165 165 165 165 165 165 165 165 165 165 165 165 165 165 165 165 165 165 165 165 165 165 165 165 165 165 165 165 165 165 165 165 165 165 165 165 165 165 165 165 165 165 165 165 165 165 165 165 165 165 165 165 165 165 165 165 165 165 165 165 165 165 165 165 165 165 165 165 165 165 165 165 165 165 
165 165 165 165 165 165 165 165 165 165 165 165 165 165 165 165 165 165 165 165 165 165 165 165 165 165 165 165 165 165 165 165 165 165 165 165 165 165 165 165 165 165 165 165 165 165 165 165 165 165 165 165 165 165 165 165 165 165 165 165 165 165 165 165 165 165 165 165 165 165 165 165 165 165 165 165 165 165 165 165 165 165 165 165 165 165 165 165 165 165 165 165 165 165 165 165 165 165 165 165 
165 165 165 165 165 165 165 165 165 165 165 165 165 165 165 165 165 165 165 165 165 165 165 165 165 165 165 165 165 165 165 165 165 165 165 165 165 165 165 165 165 165 165 165 165 165 165 165 165 165 165 165 165 165 165 165 165 165 165 165 165 165 165 165 165 165 165 165 165 165 165 165 165 165 165 165 165 165 165 165 165 165 165 165 165 165 165 165 165 165 165 165 165 165 165 165 165 165 165 165 
165 165 165 165 165 165 165 165 165 165 165 165 165 165 165 165 165 165 165 165 165 165 165 165 165 165 165 165 165 165 165 165 165 165 165 165 165 165 165 165 165 165 165 165 165 165 165 165 165 165 165 165 165 165 165 165 165 165 165 165 165 165 165 165 165 165 165 165 165 165 165 165 165 165 165 165 165 165 165 165 165 165 165 165 165 165 165 165 165 165 165 165 165 165 165 165 165 165 165 165 
165 165 165 165 165 165 165 165 165 165 165 165 165 165 165 165 165 165 165 165 165 165 165 165 165 165 165 165 165 165 165 165 165 165 165 165 165 165 165 165 165 165 165 165 165 165 165 165 165 165 165 165 165 165 165 165 165 165 165 165 165 165 165 165 165 165 165 165 165 165 165 165 165 165 165 165 165 165 165 165 165 165 165 165 165 165 165 165 165 165 165 165 165 165 165 165 165 165 165 165 
165 165 165 165 165 165 165 165 165 165 165 165 165 165 165 165 165 165 165 165 165 165 165 165 165 165 165 165 165 165 165 165 165 165 165 165 165 165 165 165 165 165 165 165 165 165 165 165 165 165 165 165 165 165 165 165 165 165 165 165 165 165 165 165 165 165 165 165 165 165 165 165 165 165 165 165 165 165 165 165 165 165 165 165 165 165 165 165 165 165 165 165 165 165 165 165 165 165 165 165 
165 165 165 165 165 165 165 165 165 165 165 165 165 165 165 165 165 165 165 165 165 165 165 165 165 165 165 165 165 165 165 165 165 165 165 165 165 165 165 165 165 165 165 165 165 165 165 165 165 165 165 165 165 165 165 165 165 165 165 165 165 165 165 165 165 165 165 165 165 165 165 165 165 165 165 165 165 165 165 165 165 165 165 165 165 165 165 165 165 165 165 165 165 165 165 165 165 165 165 165 
165 165 165 165 165 165 165 165 165 165 165 165 165 165 165 165 165 165 165 165 165 165 165 165 165 165 165 165 165 165 165 165 165 165 165 165 165 165 165 165 165 165 165 165 165 165 165 165 165 165 165 165 165 165 165 165 165 165 165 165 165 165 165 165 165 165 165 165 165 165 165 165 165 165 165 165 165 165 165 165 165 165 165 165 165 165 165 165 165 165 165 165 165 165 165 165 165 165 165 165 
165 165 165 165 165 165 165 165 165 165 165 165 165 165 165 165 165 165 165 165 165 165 165 165 165 165 165 165 165 165 165 165 165 165 165 165 165 165 165 165 165 165 165 165 165 165 165 165 165 165 165 165 165 165 165 165 165 165 165 165 165 165 165 165 165 165 165 165 165 165 165 165 165 165 165 165 165 165 165 165 165 165 165 165 165 165 165 165 165 165 165 165 165 165 165 165 165 165 165 165 
165 165 165 165 165 165 165 165 165 165 165 165 165 165 165 165 165 165 165 165 165 165 165 165 165 165 165 165 165 165 165 165 165 165 165 165 165 165 165 165 165 165 165 165 165 165 165 165 165 165 165 165 165 165 165 165 165 165 165 165 165 165 165 165 165 165 165 165 165 165 165 165 165 165 165 165 165 165 165 165 165 165 165 165 165 165 165 165 165 165 165 165 165 165 165 165 165 165 165 165 
165 165 165 165 165 165 165 165 165 165 165 165 165 165 165 165 165 165 165 165 165 165 165 165 165 165 165 165 165 165 165 165 165 165 165 165 165 165 165 165 165 165 165 165 165 165 165 165 165 165 165 165 165 165 165 165 165 165 165 165 165 165 165 165 165 165 165 165 165 165 165 165 165 165 165 165 165 165 165 165 165 165 165 165 165 165 165 165 165 165 165 165 165 165 165 165 165 165 165 165 
165 165 165 165 165 165 165 165 165 165 165 165 165 165 165 165 165 165 165 165 165 165 165 165 165 165 165 165 165 165 165 165 165 165 165 165 165 165 165 165 165 165 165 165 165 165 165 165 165 165 165 165 165 165 165 165 165 165 165 165 165 165 165 165 165 165 165 165 165 165 165 165 165 165 165 165 165 165 165 165 165 165 165 165 165 165 165 165 165 165 165 165 165 165 165 165 165 165 165 165 
165 165 165 165 165 165 165 165 165 165 165 165 165 165 165 165 165 165 165 165 165 165 165 165 165 165 165 165 165 165 165 165 165 165 165 165 165 165 165 165 12 16 16 16 16 16 16 16 16 16 16 16 16 16 16 16 16 16 16 16 16 16 16 16 16 16 16 16 16 16 16 16 16 17 165 165 165 165 165 165 165 165 165 165 165 165 165 165 165 165 165 165 165 165 165 165 165 165 165 165 
165 165 165 165 165 165 165 165 165 165 165 165 165 165 165 165 165 165 165 165 165 165 165 165 165 165 165 165 165 165 165 165 165 165 165 165 165 165 165 165 11 41 41 41 41 41 41 138 137 137 128 127 126 128 127 71 137 137 137 137 128 127 71 128 127 71 137 137 138 41 41 41 41 3 165 165 165 165 165 165 165 165 165 165 165 165 165 165 165 165 165 165 165 165 165 165 165 165 165 165 
165 165 165 165 165 165 165 165 165 165 165 165 165 165 165 165 165 165 165 165 165 165 165 165 165 165 165 165 165 165 165 165 165 165 165 165 165 165 165 165 11 41 41 41 41 41 41 134 133 133 148 136 146 148 139 146 133 133 133 133 148 139 146 148 136 146 133 133 131 41 41 41 41 3 165 165 165 165 165 165 165 165 165 165 165 165 165 165 165 165 165 165 165 165 165 165 165 165 165 165 
165 165 165 165 165 165 165 165 165 165 165 165 165 165 165 165 165 165 165 165 165 165 165 165 165 165 165 165 165 165 165 165 165 165 165 165 165 165 165 165 11 41 41 41 41 41 41 134 130 130 142 141 140 142 141 140 130 130 130 130 142 141 140 142 141 140 130 130 131 41 41 41 41 3 165 165 165 165 165 165 165 165 165 165 165 165 165 165 165 165 165 165 165 165 165 165 165 165 165 165 
165 165 165 165 165 165 165 165 165 165 165 165 165 165 165 165 165 165 165 165 165 165 165 165 165 165 165 165 165 165 165 165 165 165 165 165 165 165 165 165 11 41 41 41 41 41 41 134 67 67 67 67 67 67 67 67 67 67 67 67 67 67 67 67 67 67 67 67 131 41 41 41 41 3 165 165 165 165 165 165 165 165 165 165 165 165 165 165 165 165 165 165 165 165 165 165 165 165 165 165 
165 165 165 165 165 165 165 165 165 165 165 165 165 165 165 165 165 165 165 165 165 165 165 165 165 165 165 165 165 165 165 165 165 165 165 165 165 165 165 165 11 41 41 41 41 41 41 134 67 67 67 67 67 67 67 67 67 67 67 67 67 67 67 67 67 67 67 67 131 41 41 41 41 3 165 165 165 165 165 165 165 165 165 165 165 165 165 165 165 165 165 165 165 165 165 165 165 165 165 165 
165 165 165 165 165 165 165 165 165 165 165 165 165 165 165 165 165 165 165 165 165 165 165 165 165 165 165 165 165 165 165 165 165 165 165 165 165 165 165 165 11 41 41 41 41 41 41 134 67 67 67 67 67 67 67 67 67 67 67 67 67 67 67 67 67 67 67 67 131 41 41 41 41 3 165 165 165 165 165 165 165 165 165 165 165 165 165 165 165 165 165 165 165 165 165 165 165 165 165 165 
165 165 165 165 165 165 165 165 165 165 165 165 165 165 165 165 165 165 165 165 165 165 165 165 165 165 165 165 165 165 165 165 165 165 165 165 165 165 165 165 11 41 41 41 41 41 41 131 130 130 130 130 130 130 130 130 130 67 67 130 130 130 130 130 130 130 130 130 133 41 41 41 41 3 165 165 165 165 165 165 165 165 165 165 165 165 165 165 165 165 165 165 165 165 165 165 165 165 165 165 
165 165 165 165 165 165 165 165 165 165 165 165 165 165 165 165 165 165 165 165 165 165 165 165 165 165 165 165 165 165 165 165 165 165 165 165 165 165 165 165 11 41 41 41 41 41 41 41 41 41 41 41 41 41 41 51 130 67 67 130 38 41 41 41 41 41 41 41 41 41 41 41 41 3 165 165 165 165 165 165 165 165 165 165 165 165 165 165 165 165 165 165 165 165 165 165 165 165 165 165 
165 165 165 165 165 165 165 165 165 165 165 165 165 165 165 165 165 165 165 165 165 165 165 165 165 165 165 165 165 165 165 165 165 165 165 165 165 165 165 165 0 41 41 41 41 41 41 41 41 41 41 41 41 41 41 51 130 67 67 130 38 41 41 41 41 41 41 41 41 41 41 41 41 3 165 165 165 165 165 165 165 165 165 165 165 165 165 165 165 165 165 165 165 165 165 165 165 165 165 165 
165 165 165 165 165 165 165 165 165 165 165 165 165 165 165 165 165 165 12 16 16 16 16 16 16 16 16 16 16 16 16 16 16 16 16 16 16 16 16 15 41 41 41 41 41 41 41 41 41 41 41 41 41 41 41 51 130 67 67 130 38 41 41 41 41 41 41 41 41 41 41 41 41 3 165 165 165 165 165 165 165 165 165 165 165 165 165 165 165 165 165 165 165 165 165 165 165 165 165 165 
165 165 165 165 165 165 165 165 165 165 165 165 165 165 165 165 165 165 11 41 41 41 41 41 41 41 41 41 41 41 41 41 41 41 41 41 41 41 41 41 41 41 41 41 41 41 41 41 41 41 41 41 41 41 41 51 130 67 67 130 38 41 41 41 41 41 41 41 41 41 41 41 41 3 165 165 165 165 165 165 165 165 165 165 165 165 165 165 165 165 165 165 165 165 165 165 165 165 165 165 
165 165 165 165 165 165 165 165 165 165 165 165 165 165 165 165 165 165 11 41 41 41 41 41 41 41 41 41 41 41 41 41 41 41 41 41 41 41 41 41 41 41 41 41 41 41 41 41 51 51 51 51 51 51 51 51 51 51 51 51 51 51 51 51 51 38 41 41 41 41 41 41 41 3 165 165 165 165 165 165 165 165 165 165 165 165 165 165 165 165 165 165 165 165 165 165 165 165 165 165 
165 165 165 165 165 165 165 165 165 165 165 165 165 165 165 165 165 165 11 41 41 41 41 41 41 41 41 41 41 41 41 41 41 41 41 41 41 41 41 41 41 41 51 51 51 51 51 51 51 51 51 51 51 51 51 51 51 51 51 51 51 51 51 51 51 38 41 41 41 41 41 41 41 3 165 165 165 165 165 165 165 165 165 165 165 165 165 165 165 165 165 165 165 165 165 165 165 165 165 165 
165 165 165 165 165 165 165 165 165 165 165 165 165 165 165 165 165 165 11 41 41 41 41 41 41 41 41 41 41 41 41 41 41 41 41 41 41 41 41 41 41 41 51 51 51 51 51 51 51 51 51 51 51 51 51 51 51 51 51 51 51 51 51 51 51 38 41 41 41 41 41 41 41 3 165 165 165 165 165 165 165 165 165 165 165 165 165 165 165 165 165 165 165 165 165 165 165 165 165 165 
165 165 165 165 165 165 165 165 165 165 165 165 165 165 165 165 165 165 11 41 41 41 41 41 41 41 41 41 41 41 41 41 41 41 41 41 41 41 41 41 41 51 51 51 51 51 51 38 41 51 51 38 41 51 51 51 51 51 51 51 51 51 51 51 51 38 41 41 41 41 41 41 41 3 165 165 165 165 165 165 165 165 165 165 165 165 165 165 165 165 165 165 165 165 165 165 165 165 165 165 
165 165 165 165 165 165 165 165 165 165 165 165 165 165 165 165 165 165 11 41 41 41 41 41 41 41 41 41 41 41 41 41 41 41 41 41 41 51 51 51 51 51 51 51 51 51 51 38 41 41 41 41 41 51 51 51 51 51 51 51 51 51 51 51 51 38 41 41 41 41 41 41 41 41 14 16 16 16 16 17 165 165 165 165 165 165 165 165 165 165 165 165 165 165 165 165 165 165 165 165 
165 165 165 165 165 165 165 165 165 165 165 165 165 165 165 165 165 165 11 41 41 41 41 41 41 41 41 41 41 41 41 41 41 41 41 41 41 51 51 51 51 51 51 51 51 51 51 38 41 41 41 41 41 41 41 41 51 51 51 51 51 51 51 51 38 41 41 41 41 41 41 41 41 41 41 41 41 41 41 3 165 165 165 165 165 165 165 165 165 165 165 165 165 165 165 165 165 165 165 165 
165 165 165 165 165 165 165 165 165 165 165 165 165 165 165 165 165 165 11 41 41 41 41 41 41 41 41 41 41 41 41 41 41 41 41 41 41 51 51 51 51 51 51 51 51 38 41 41 41 41 41 41 41 41 41 41 41 51 51 51 51 51 51 38 41 41 41 41 41 41 41 41 41 41 41 41 41 41 41 3 165 165 165 165 165 165 165 165 165 165 165 165 165 165 165 165 165 165 165 165 
165 165 165 165 165 165 165 165 165 165 165 165 165 165 165 165 165 165 11 41 41 41 41 41 41 41 41 41 41 41 41 41 41 41 41 41 41 51 51 51 51 51 51 51 38 41 41 41 41 41 41 41 41 41 41 41 41 41 51 51 51 51 51 51 38 41 41 41 41 41 41 41 41 41 41 41 41 41 41 3 165 165 165 165 165 165 165 165 165 165 165 165 165 165 165 165 165 165 165 165 
165 165 165 165 165 165 165 165 165 165 165 165 165 165 165 165 165 165 11 41 41 41 41 41 41 41 41 41 41 41 41 41 41 51 51 51 51 51 51 51 51 38 41 41 41 41 41 41 41 41 41 41 41 41 41 41 51 51 51 51 51 51 51 38 41 41 41 41 41 41 41 41 41 41 41 41 41 41 41 3 165 165 165 165 165 165 165 165 165 165 165 165 165 165 165 165 165 165 165 165 
165 165 165 165 165 165 165 165 165 165 165 165 165 165 165 165 165 165 11 41 41 41 41 41 41 41 41 41 41 41 41 41 51 51 51 51 51 51 51 38 41 41 41 41 41 41 41 41 41 41 41 41 41 41 41 41 51 51 51 51 51 51 51 51 51 38 41 41 41 41 41 41 41 41 41 41 41 41 41 3 165 165 165 165 165 165 165 165 165 165 165 165 165 165 165 165 165 165 165 165 
165 165 165 165 165 165 165 165 165 165 165 165 165 165 165 165 165 165 11 41 41 41 41 41 41 41 41 41 41 41 41 41 51 51 51 51 51 51 38 41 41 41 41 41 41 41 41 41 41 41 41 41 41 51 51 51 51 51 51 51 51 51 51 51 51 38 41 41 41 41 41 41 41 41 41 41 41 41 41 3 165 165 165 165 165 165 165 165 165 165 165 165 165 165 165 165 165 165 165 165 
165 165 165 165 165 165 165 165 165 165 165 165 165 165 165 165 165 165 11 41 41 41 41 41 41 41 41 41 41 51 51 51 51 51 51 51 51 51 38 41 41 41 41 41 41 41 41 41 41 41 41 41 41 51 51 51 51 51 51 51 51 51 51 51 51 51 38 41 41 41 41 41 41 41 41 41 41 41 41 3 165 165 165 165 165 165 165 165 165 165 165 165 165 165 165 165 165 165 165 165 
165 165 165 165 165 165 165 165 165 165 165 165 165 165 165 165 165 165 11 41 41 41 41 41 41 41 41 41 51 51 51 51 51 51 51 38 41 41 41 41 41 41 41 41 41 41 41 41 41 51 51 51 41 51 51 51 51 51 51 51 51 51 51 51 38 41 41 41 41 41 48 41 41 41 41 41 41 41 41 3 165 165 165 165 165 165 165 165 165 165 165 165 165 165 165 165 165 165 165 165 
165 165 165 165 165 165 165 165 165 165 165 165 165 165 165 165 165 165 11 41 41 41 41 41 41 51 51 51 51 51 51 51 51 51 38 41 41 41 41 41 41 41 41 41 41 41 41 41 41 41 51 51 51 51 51 51 51 51 51 51 51 51 51 51 38 41 41 41 41 41 41 41 41 41 41 41 41 41 41 3 165 165 165 165 165 165 165 165 165 165 165 165 165 165 165 165 165 165 165 165 
165 165 165 165 165 165 165 165 165 165 165 165 165 165 165 165 165 165 11 41 41 41 41 51 51 51 51 51 51 51 51 51 51 51 38 41 41 41 41 41 41 41 41 41 41 41 41 41 51 51 51 51 51 51 51 51 51 51 51 51 51 51 51 38 41 41 41 41 41 41 41 41 41 41 41 41 41 41 41 3 165 165 165 165 165 165 165 165 165 165 165 165 165 165 165 165 165 165 165 165 
165 165 165 165 165 165 165 165 165 165 165 165 165 165 165 165 165 165 0 41 41 51 51 51 51 51 51 51 51 38 41 41 41 41 41 41 41 41 41 41 41 41 41 41 41 41 41 41 41 51 51 51 51 51 51 51 51 51 51 51 51 51 38 41 41 41 41 41 41 41 41 41 41 41 41 41 41 41 41 3 165 165 165 165 165 165 165 165 165 165 165 165 165 165 165 165 165 165 165 165 
165 165 165 165 165 165 12 16 16 16 16 16 16 16 16 16 16 15 41 41 41 51 51 51 51 51 51 38 41 41 21 21 21 21 21 21 21 21 21 21 21 21 41 41 41 41 41 41 51 51 51 51 51 51 51 51 51 38 41 41 41 41 41 41 41 41 41 41 41 41 41 41 41 41 41 41 41 41 41 3 165 165 165 165 165 165 165 165 165 165 165 165 165 165 165 165 165 165 165 165 
165 165 165 165 165 165 11 41 41 41 41 41 41 41 41 41 41 41 41 51 51 51 51 51 51 51 38 41 41 41 21 156 156 156 156 156 156 156 156 156 156 21 41 41 41 41 41 41 41 41 41 51 51 51 51 51 51 51 38 41 41 41 41 41 41 41 41 41 41 41 41 41 41 41 41 41 41 41 41 3 165 165 165 165 165 165 165 165 165 165 165 165 165 165 165 165 165 165 165 165 
165 165 165 165 165 165 11 41 41 41 41 41 41 41 41 41 41 41 51 51 51 51 38 41 41 41 41 41 41 41 21 156 156 156 156 156 156 156 156 156 156 21 41 41 41 41 45 45 45 45 45 51 51 51 51 51 51 51 51 51 51 38 41 41 41 41 41 41 41 41 41 41 41 41 41 41 41 41 41 3 165 165 165 165 165 165 165 165 165 165 165 165 165 165 165 165 165 165 165 165 
165 165 165 165 165 165 11 41 41 41 41 41 41 41 41 41 41 41 51 51 51 38 27 27 41 41 41 41 41 41 21 156 156 156 156 156 156 156 156 156 156 21 51 41 41 41 39 51 51 51 51 51 51 51 44 44 44 44 44 51 51 51 51 38 41 41 41 41 41 41 41 41 41 41 41 41 41 41 41 3 165 165 165 165 165 165 165 165 165 165 165 165 165 165 165 165 165 165 165 165 
165 165 165 165 165 165 11 41 51 51 51 51 51 51 51 51 51 51 51 38 41 41 27 27 27 41 41 41 41 41 21 156 156 156 156 156 156 156 156 156 156 21 51 51 51 51 51 51 51 51 44 44 44 44 41 41 41 41 41 41 41 39 51 51 51 38 41 41 41 41 41 41 41 41 41 41 41 41 41 3 165 165 165 165 165 165 165 165 165 165 165 165 165 165 165 165 165 165 165 165 
165 165 165 165 165 165 11 41 51 51 51 51 51 51 51 51 51 51 38 41 41 41 41 27 27 27 41 41 41 41 21 21 21 21 21 21 21 21 21 21 21 21 41 41 51 51 51 51 51 51 41 41 41 41 41 41 41 41 41 41 41 41 41 39 51 51 51 38 41 41 41 41 41 41 41 41 41 41 41 41 14 16 16 16 16 17 165 165 165 165 165 165 165 165 165 165 165 165 165 165 
165 165 165 165 165 165 11 41 41 51 51 51 51 51 51 38 41 41 41 41 41 41 41 41 27 27 27 41 41 41 21 21 35 21 21 21 21 21 21 35 21 21 41 41 51 51 51 51 51 51 41 41 41 41 41 41 41 41 41 41 41 41 41 41 41 39 51 51 38 41 41 41 41 41 41 41 41 41 41 41 41 41 41 41 41 3 165 165 165 165 165 165 165 165 165 165 165 165 165 165 
165 165 165 165 165 165 11 41 41 41 51 51 51 41 41 41 41 41 41 41 41 41 41 41 41 27 27 27 41 41 21 21 150 21 21 157 157 21 21 150 21 21 41 51 51 51 51 51 51 51 41 41 41 41 41 41 41 41 41 41 41 41 41 41 41 41 39 51 51 51 38 41 41 41 41 41 41 41 41 41 41 41 41 41 41 3 165 165 165 165 165 165 165 165 165 165 165 165 165 165 
165 165 165 165 165 165 11 41 21 21 21 156 21 21 21 21 21 21 21 21 41 41 41 41 41 41 27 27 27 41 41 41 41 41 51 51 51 51 51 51 51 51 51 51 51 51 41 41 41 51 41 41 41 41 41 41 41 41 41 41 41 41 48 41 41 41 41 41 41 44 51 48 38 41 41 41 41 41 41 41 41 41 41 41 41 3 165 165 165 165 165 165 165 165 165 165 165 165 165 165 
165 165 165 165 165 165 11 41 21 156 156 156 156 156 156 156 156 156 156 21 41 41 41 41 41 41 41 27 27 27 41 41 41 51 51 51 51 51 51 51 51 51 51 51 51 41 41 41 41 41 41 41 41 48 41 41 41 41 41 41 41 41 41 41 41 41 41 41 41 27 39 51 51 48 45 41 41 41 41 41 41 41 41 41 41 3 165 165 165 165 165 165 165 165 165 165 165 165 165 165 
165 165 165 165 165 165 11 41 21 156 156 156 156 156 156 156 156 156 156 21 41 41 41 41 41 41 41 41 27 27 27 51 51 51 51 51 51 51 51 51 51 51 51 51 51 41 41 41 41 41 41 41 41 41 41 41 41 41 41 48 41 41 41 48 41 41 41 41 41 27 27 27 39 51 51 38 41 41 41 41 41 41 41 41 41 3 165 165 165 165 165 165 165 165 165 165 165 165 165 165 
165 165 165 165 165 165 11 41 21 156 156 156 156 156 156 156 156 156 156 21 41 41 41 41 41 41 41 41 41 27 51 51 51 51 51 51 51 51 51 51 51 51 51 51 51 41 41 41 48 41 41 41 41 41 41 41 41 41 41 41 41 41 41 41 41 41 41 41 27 27 27 41 41 39 51 48 45 41 41 41 41 41 41 41 41 3 165 165 165 165 165 165 165 165 165 165 165 165 165 165 
165 165 165 165 165 165 11 41 21 21 21 21 21 21 21 21 21 21 21 21 41 41 41 41 41 41 41 41 41 41 51 51 51 51 51 51 51 51 51 51 51 51 41 41 41 41 41 41 41 41 41 41 41 41 41 41 41 41 41 41 41 41 41 41 41 41 41 27 27 27 41 41 41 39 51 51 38 41 41 41 41 41 41 41 41 3 165 165 165 165 165 165 165 165 165 165 165 165 165 165 
165 165 165 165 165 165 11 41 21 21 37 21 21 21 21 21 21 37 21 21 41 41 41 41 41 41 41 41 41 41 51 51 51 51 51 51 51 51 51 51 51 51 51 41 41 41 41 41 41 41 41 41 41 41 41 41 41 41 41 41 41 41 41 27 27 27 27 27 27 41 41 41 41 41 39 51 38 41 41 41 41 41 41 41 41 3 165 165 165 165 165 165 165 165 165 165 165 165 165 165 
165 165 165 165 165 165 11 41 41 41 41 41 41 41 41 41 41 41 41 41 41 41 41 41 41 41 41 41 41 41 51 51 51 51 51 51 51 51 51 51 51 51 51 41 41 41 41 41 41 41 41 41 41 41 41 41 41 41 41 41 41 41 27 27 27 27 27 27 41 41 41 41 41 41 39 51 48 45 41 41 41 41 41 41 41 3 165 165 165 165 165 165 165 165 165 165 165 165 165 165 
165 165 165 165 165 165 11 41 41 41 41 41 41 41 41 41 41 41 41 41 41 41 41 41 41 41 41 41 41 51 51 51 51 51 51 51 51 51 51 51 51 51 51 41 41 41 41 41 41 41 41 41 41 41 41 41 27 27 27 27 27 27 27 27 41 41 41 41 41 41 41 41 41 41 39 51 51 38 41 41 41 41 41 41 41 3 165 165 165 165 165 165 165 165 165 165 165 165 165 165 
165 165 165 165 165 165 11 41 41 41 41 41 41 41 41 41 41 41 41 41 41 41 41 41 41 41 41 41 51 51 51 51 51 51 51 51 51 51 51 51 51 51 51 51 51 27 27 27 27 27 27 27 27 27 27 27 27 27 27 27 27 27 27 41 41 41 41 41 41 41 41 41 41 41 39 51 51 38 41 41 41 41 41 41 41 3 165 165 165 165 165 165 165 165 165 165 165 165 165 165 
165 165 165 165 165 165 11 41 41 41 41 41 41 41 41 41 41 41 41 41 41 41 41 41 41 41 41 41 41 51 51 51 51 51 51 51 51 51 51 51 51 51 51 51 51 27 27 27 27 27 27 27 27 27 27 27 27 27 27 41 41 41 41 41 41 41 41 41 41 41 41 41 41 41 39 51 51 38 41 41 41 41 41 41 41 3 165 165 165 165 165 165 165 165 165 165 165 165 165 165 
165 165 165 165 165 165 11 41 41 41 41 41 41 41 41 41 41 41 41 41 41 41 41 41 41 41 41 41 41 51 51 51 51 51 51 51 51 51 51 51 51 51 51 51 51 41 41 41 41 41 41 41 41 41 41 41 41 41 41 41 41 41 41 41 41 41 41 41 41 41 41 21 21 21 21 21 157 21 21 21 21 41 41 41 41 3 165 165 165 165 165 165 165 165 165 165 165 165 165 165 
165 165 165 165 165 165 9 5 5 5 5 5 5 5 5 5 5 5 5 5 5 5 5 5 5 6 41 41 41 51 51 51 51 51 51 51 51 51 51 51 51 51 51 51 51 41 41 41 41 41 41 41 41 41 41 41 41 41 41 48 41 41 41 41 41 41 41 41 48 41 41 21 157 157 157 157 157 157 157 157 21 41 41 41 41 3 165 165 165 165 165 165 165 165 165 165 165 165 165 165 
165 165 165 165 165 165 165 165 165 165 165 165 165 165 165 165 165 165 165 165 165 165 165 165 165 165 11 41 41 51 51 51 51 51 51 51 51 51 51 51 51 51 51 51 41 41 41 41 41 48 41 41 41 41 41 41 41 41 41 41 41 41 41 41 41 41 41 41 41 41 41 21 157 157 157 157 157 157 157 157 21 41 41 41 41 3 165 165 165 165 165 165 165 165 165 165 165 165 165 165 
165 165 165 165 165 165 165 165 165 165 165 165 165 165 165 165 165 165 165 165 165 165 165 165 165 165 11 41 41 51 51 51 51 51 51 51 51 51 51 51 51 51 51 51 51 41 41 41 41 41 41 41 41 41 41 41 41 41 41 41 41 41 41 41 41 41 41 41 41 41 41 21 157 157 157 157 157 157 157 157 21 41 41 41 41 3 165 165 165 165 165 165 165 165 165 165 165 165 165 165 
165 165 165 165 165 165 165 165 165 165 165 169 165 169 165 165 165 165 165 165 165 165 165 165 165 165 11 41 41 41 51 51 51 51 51 51 51 51 51 51 51 51 51 51 51 51 51 51 41 41 41 41 48 41 41 41 41 41 41 41 41 41 41 41 41 41 41 41 41 41 41 21 21 21 21 21 21 21 21 21 21 41 41 41 41 3 165 165 165 165 165 165 165 165 165 165 165 165 165 165
165 165 165 165 165 165 165 165 165 165 165 165 165 165 165 165 165 165 165 165 165 165 165 165 165 165 11 41 41 41 51 51 51 51 51 51 51 51 51 51 51 51 51 51 51 51 51 51 51 51 51 41 41 41 41 41 41 41 41 41 41 41 41 41 41 41 41 41 41 41 41 21 21 37 21 21 21 21 37 21 21 41 41 41 41 3 165 165 165 165 165 165 165 165 165 165 165 165 165 165 
165 165 165 165 165 165 165 165 165 165 165 165 165 165 165 165 165 165 165 165 165 165 165 165 165 165 11 41 41 41 51 41 41 41 41 41 41 41 41 41 51 51 51 51 51 51 51 51 51 51 51 51 41 41 48 41 41 41 41 5 5 5 5 5 5 5 5 5 5 5 5 5 5 5 5 5 5 5 5 5 5 5 5 5 5 1 165 165 165 165 165 165 165 165 165 165 165 165 165 165
165 165 165 165 165 165 165 165 165 165 165 165 165 165 165 165 165 165 165 165 165 165 165 165 165 165 11 41 41 41 41 41 41 41 41 41 41 41 41 41 51 51 51 51 51 51 51 51 51 51 51 51 41 41 41 41 41 41 41 3 165 165 165 165 165 165 165 165 165 165 165 165 165 165 165 165 165 165 165 165 165 165 165 165 165 165 165 165 165 165 165 165 165 165 165 165 165 165 165 165 
165 165 165 165 165 165 165 165 165 165 165 165 165 165 165 165 165 165 165 165 165 165 165 165 165 165 11 41 41 41 41 41 41 41 41 41 41 41 41 41 51 51 51 51 51 51 51 51 51 51 51 51 51 41 41 41 41 48 41 3 165 165 165 165 165 165 165 165 165 165 165 165 165 165 165 165 165 165 165 165 165 165 165 165 165 165 165 165 165 165 165 165 165 165 165 165 165 165 165 165 
165 165 165 165 165 165 165 165 165 165 165 165 165 165 165 165 165 165 165 165 165 165 165 165 165 165 11 41 41 41 41 41 41 41 41 41 41 41 41 41 41 41 51 51 51 51 51 51 51 51 51 51 51 41 41 41 41 41 41 3 165 165 165 165 165 165 165 165 165 165 165 165 165 165 165 165 165 165 165 165 165 165 165 165 165 165 165 165 165 165 165 165 165 165 165 165 165 165 165 165 
165 165 165 165 165 165 165 165 165 165 165 165 165 165 165 165 165 165 165 165 165 165 165 165 165 165 11 41 41 41 41 41 41 41 41 41 41 41 41 41 41 51 51 51 51 51 51 51 51 51 51 51 51 41 41 41 48 41 41 3 165 165 165 165 165 165 165 165 165 165 165 165 165 165 165 165 165 165 165 165 165 165 165 165 165 165 165 165 165 165 165 165 165 165 165 165 165 165 165 165 
165 165 165 165 165 165 165 165 165 165 165 165 165 165 165 165 165 165 165 165 165 165 165 165 165 165 11 41 41 41 41 41 41 41 41 41 41 41 41 41 41 41 41 41 41 41 51 51 51 51 51 51 51 51 51 51 41 41 41 3 165 165 165 165 165 165 165 165 165 165 165 165 165 165 165 165 165 165 165 165 165 165 165 165 165 165 165 165 165 165 165 165 165 165 165 165 165 165 165 165 
165 165 165 165 165 165 165 165 165 165 165 165 165 165 165 165 165 165 165 165 165 165 165 165 165 165 11 41 41 41 41 41 41 41 41 41 41 41 41 41 41 41 41 41 41 41 51 51 51 51 51 51 51 51 51 41 41 41 41 3 165 165 165 165 165 165 165 165 165 165 165 165 165 165 165 165 165 165 165 165 165 165 165 165 165 165 165 165 165 165 165 165 165 165 165 165 165 165 165 165 
165 165 165 165 165 165 165 165 165 165 165 165 165 165 165 165 165 165 165 165 165 165 165 165 165 165 11 41 41 41 41 41 41 41 41 41 41 41 41 41 41 41 41 41 41 41 41 51 51 51 51 51 51 51 51 51 41 41 41 3 165 165 165 165 165 165 165 165 165 165 165 165 165 165 165 165 165 165 165 165 165 165 165 165 165 165 165 165 165 165 165 165 165 165 165 165 165 165 165 165 
165 165 165 165 165 165 165 165 165 165 165 165 165 165 165 165 165 165 165 165 165 165 165 165 165 165 11 41 41 41 41 41 41 41 41 41 41 41 41 41 41 41 41 41 41 41 51 51 51 51 51 51 51 51 51 41 41 41 41 3 165 165 165 165 165 165 165 165 165 165 165 165 165 165 165 165 165 165 165 165 165 165 165 165 165 165 165 165 165 165 165 165 165 165 165 165 165 165 165 165 
165 165 165 165 165 165 165 165 165 165 165 165 165 165 165 165 165 165 165 165 165 165 165 165 165 165 11 41 41 41 41 41 41 41 41 41 41 41 41 41 41 41 41 41 41 41 41 41 41 51 51 51 41 41 41 41 41 41 41 3 165 165 165 165 165 165 165 165 165 165 165 165 165 165 165 165 165 165 165 165 165 165 165 165 165 165 165 165 165 165 165 165 165 165 165 165 165 165 165 165 
165 165 165 165 165 165 165 165 165 165 165 165 165 165 165 165 165 165 165 165 165 165 165 165 165 165 11 41 41 41 41 41 41 41 41 41 41 41 41 41 41 41 41 41 41 41 41 41 41 41 41 41 41 41 41 41 41 41 41 3 165 165 165 165 165 165 165 165 165 165 165 165 165 165 165 165 165 165 165 165 165 165 165 165 165 165 165 165 165 165 165 165 165 165 165 165 165 165 165 165 
165 165 165 165 165 165 165 165 165 165 165 165 165 165 165 165 165 165 165 165 165 165 165 165 165 165 9 5 5 5 5 5 5 5 5 5 5 5 5 5 5 5 5 5 5 5 5 5 5 5 5 5 5 5 5 5 5 5 5 1 165 165 165 165 165 165 165 165 165 165 165 165 165 165 165 165 165 165 165 165 165 165 165 165 165 165 165 165 165 165 165 165 165 165 165 165 165 165 165 165 
165 165 165 165 165 165 165 165 165 165 165 165 165 165 165 165 165 165 165 165 165 165 165 165 165 165 165 165 165 165 165 165 165 165 165 165 165 165 165 165 165 165 165 165 165 165 165 165 165 165 165 165 165 165 165 165 165 165 165 165 165 165 165 165 165 165 165 165 165 165 165 165 165 165 165 165 165 165 165 165 165 165 165 165 165 165 165 165 165 165 165 165 165 165 165 165 165 165 165 165 
165 165 165 165 165 165 165 165 165 165 165 165 165 165 165 165 165 165 165 165 165 165 165 165 165 165 165 165 165 165 165 165 165 165 165 165 165 165 165 165 165 165 165 165 165 165 165 165 165 165 165 165 165 165 165 165 165 165 165 165 165 165 165 165 165 165 165 165 165 165 165 165 165 165 165 165 165 165 165 165 165 165 165 165 165 165 165 165 165 165 165 165 165 165 165 165 165 165 165 165 
165 165 165 165 165 165 165 165 165 165 165 165 165 165 165 165 165 165 165 165 165 165 165 165 165 165 165 165 165 165 165 165 165 165 165 165 165 165 165 165 165 165 165 165 165 165 165 165 165 165 165 165 165 165 165 165 165 165 165 165 165 165 165 165 165 165 165 165 165 165 165 165 165 165 165 165 165 165 165 165 165 165 165 165 165 165 165 165 165 165 165 165 165 165 165 165 165 165 165 165 
165 165 165 165 165 165 165 165 165 165 165 165 165 165 165 165 165 165 165 165 165 165 165 165 165 165 165 165 165 165 165 165 165 165 165 165 165 165 165 165 165 165 165 165 165 165 165 165 165 165 165 165 165 165 165 165 165 165 165 165 165 165 165 165 165 165 165 165 165 165 165 165 165 165 165 165 165 165 165 165 165 165 165 165 165 165 165 165 165 165 165 165 165 165 165 165 165 165 165 165 
165 165 165 165 165 165 165 165 165 165 165 165 165 165 165 165 165 165 165 165 165 165 165 165 165 165 165 165 165 165 165 165 165 165 165 165 165 165 165 165 165 165 165 165 165 165 165 165 165 165 165 165 165 165 165 165 165 165 165 165 165 165 165 165 165 165 165 165 165 165 165 165 165 165 165 165 165 165 165 165 165 165 165 165 165 165 165 165 165 165 165 165 165 165 165 165 165 165 165 165 
165 165 165 165 165 165 165 165 165 165 165 165 165 165 165 165 165 165 165 165 165 165 165 165 165 165 165 165 165 165 165 165 165 165 165 165 165 165 165 165 165 165 165 165 165 165 165 165 165 165 165 165 165 165 165 165 165 165 165 165 165 165 165 165 165 165 165 165 165 165 165 165 165 165 165 165 165 165 165 165 165 165 165 165 165 165 165 165 165 165 165 165 165 165 165 165 165 165 165 165 
165 165 165 165 165 165 165 165 165 165 165 165 165 165 165 165 165 165 165 165 165 165 165 165 165 165 165 165 165 165 165 165 165 165 165 165 165 165 165 165 165 165 165 165 165 165 165 165 165 165 165 165 165 165 165 165 165 165 165 165 165 165 165 165 165 165 165 165 165 165 165 165 165 165 165 165 165 165 165 165 165 165 165 165 165 165 165 165 165 165 165 165 165 165 165 165 165 165 165 165 
165 165 165 165 165 165 165 165 165 165 165 165 165 165 165 165 165 165 165 165 165 165 165 165 165 165 165 165 165 165 165 165 165 165 165 165 165 165 165 165 165 165 165 165 165 165 165 165 165 165 165 165 165 165 165 165 165 165 165 165 165 165 165 165 165 165 165 165 165 165 165 165 165 165 165 165 165 165 165 165 165 165 165 165 165 165 165 165 165 165 165 165 165 165 165 165 165 165 165 165 
165 165 165 165 165 165 165 165 165 165 165 165 165 165 165 165 165 165 165 165 165 165 165 165 165 165 165 165 165 165 165 165 165 165 165 165 165 165 165 165 165 165 165 165 165 165 165 165 165 165 165 165 165 165 165 165 165 165 165 165 165 165 165 165 165 165 165 165 165 165 165 165 165 165 165 165 165 165 165 165 165 165 165 165 165 165 165 165 165 165 165 165 165 165 165 165 165 165 165 165 
165 165 165 165 165 165 165 165 165 165 165 165 165 165 165 165 165 165 165 165 165 165 165 165 165 165 165 165 165 165 165 165 165 165 165 165 165 165 165 165 165 165 165 165 165 165 165 165 165 165 165 165 165 165 165 165 165 165 165 165 165 165 165 165 165 165 165 165 165 165 165 165 165 165 165 165 165 165 165 165 165 165 165 165 165 165 165 165 165 165 165 165 165 165 165 165 165 165 165 165 
165 165 165 165 165 165 165 165 165 165 165 165 165 165 165 165 165 165 165 165 165 165 165 165 165 165 165 165 165 165 165 165 165 165 165 165 165 165 165 165 165 165 165 165 165 165 165 165 165 165 165 165 165 165 165 165 165 165 165 165 165 165 165 165 165 165 165 165 165 165 165 165 165 165 165 165 165 165 165 165 165 165 165 165 165 165 165 165 165 165 165 165 165 165 165 165 165 165 165 165 
165 165 165 165 165 165 165 165 165 165 165 165 165 165 165 165 165 165 165 165 165 165 165 165 165 165 165 165 165 165 165 165 165 165 165 165 165 165 165 165 165 165 165 165 165 165 165 165 165 165 165 165 165 165 165 165 165 165 165 165 165 165 165 165 165 165 165 165 165 165 165 165 165 165 165 165 165 165 165 165 165 165 165 165 165 165 165 165 165 165 165 165 165 165 165 165 165 165 165 165 
165 165 165 165 165 165 165 165 165 165 165 165 165 165 165 165 165 165 165 165 165 165 165 165 165 165 165 165 165 165 165 165 165 165 165 165 165 165 165 165 165 165 165 165 165 165 165 165 165 165 165 165 165 165 165 165 165 165 165 165 165 165 165 165 165 165 165 165 165 165 165 165 165 165 165 165 165 165 165 165 165 165 165 165 165 165 165 165 165 165 165 165 165 165 165 165 165 165 165 165 
165 165 165 165 165 165 165 165 165 165 165 165 165 165 165 165 165 165 165 165 165 165 165 165 165 165 165 165 165 165 165 165 165 165 165 165 165 165 165 165 165 165 165 165 165 165 165 165 165 165 165 165 165 165 165 165 165 165 165 165 165 165 165 165 165 165 165 165 165 165 165 165 165 165 165 165 165 165 165 165 165 165 165 165 165 165 165 165 165 165 165 165 165 165 165 165 165 165 165 165 
165 165 165 165 165 165 165 165 165 165 165 165 165 165 165 165 165 165 165 165 165 165 165 165 165 165 165 165 165 165 165 165 165 165 165 165 165 165 165 165 165 165 165 165 165 165 165 165 165 165 165 165 165 165 165 165 165 165 165 165 165 165 165 165 165 165 165 165 165 165 165 165 165 165 165 165 165 165 165 165 165 165 165 165 165 165 165 165 165 165 165 165 165 165 165 165 165 165 165 165 
165 165 165 165 165 165 165 165 165 165 165 165 165 165 165 165 165 165 165 165 165 165 165 165 165 165 165 165 165 165 165 165 165 165 165 165 165 165 165 165 165 165 165 165 165 165 165 165 165 165 165 165 165 165 165 165 165 165 165 165 165 165 165 165 165 165 165 165 165 165 165 165 165 165 165 165 165 165 165 165 165 165 165 165 165 165 165 165 165 165 165 165 165 165 165 165 165 165 165 165 
165 165 165 165 165 165 165 165 165 165 165 165 165 165 165 165 165 165 165 165 165 165 165 165 165 165 165 165 165 165 165 165 165 165 165 165 165 165 165 165 165 165 165 165 165 165 165 165 165 165 165 165 165 165 165 165 165 165 165 165 165 165 165 165 165 165 165 165 165 165 165 165 165 165 165 165 165 165 165 165 165 165 165 165 165 165 165 165 165 165 165 165 165 165 165 165 165 165 165 165 
165 165 165 165 165 165 165 165 165 165 165 165 165 165 165 165 165 165 165 165 165 165 165 165 165 165 165 165 165 165 165 165 165 165 165 165 165 165 165 165 165 165 165 165 165 165 165 165 165 165 165 165 165 165 165 165 165 165 165 165 165 165 165 165 165 165 165 165 165 165 165 165 165 165 165 165 165 165 165 165 165 165 165 165 165 165 165 165 165 165 165 165 165 165 165 165 165 165 165 165 
165 165 165 165 165 165 165 165 165 165 165 165 165 165 165 165 165 165 165 165 165 165 165 165 165 165 165 165 165 165 165 165 165 165 165 165 165 165 165 165 165 165 165 165 165 165 165 165 165 165 165 165 165 165 165 165 165 165 165 165 165 165 165 165 165 165 165 165 165 165 165 165 165 165 165 165 165 165 165 165 165 165 165 165 165 165 165 165 165 165 165 165 165 165 165 165 165 165 165 165 
