165 165 165 165 165 165 165 165 165 165 165 165 165 165 165 165 165 165 165 165 165 165 165 165 165 165 165 165 165 165 165 165 165 165 165 165 165 165 165 165 165 165 165 165 165 165 165 165 165 165 165 165 165 165 165 165 165 165 165 165 165 165 165 165 165 165 165 165 165 165 165 165 165 165 165 165 165 165 165 165 165 165 165 165 165 165 165 165 165 165 165 165 165 165 165 165 165 165 165 165 
165 165 165 165 165 165 165 165 165 165 165 165 165 165 165 165 165 165 165 165 165 165 165 165 165 165 165 165 165 165 165 165 165 165 165 165 165 165 165 165 165 165 165 165 165 165 165 165 165 165 165 165 165 165 165 165 165 165 165 165 165 165 165 165 165 165 165 165 165 165 165 165 165 165 165 165 165 165 165 165 165 165 165 165 165 165 165 165 165 165 165 165 165 165 165 165 165 165 165 165 
165 165 165 165 165 165 165 165 165 165 165 165 165 165 165 165 165 165 165 165 165 165 165 165 165 165 165 165 165 165 165 165 165 165 165 165 165 165 165 165 165 165 165 165 165 165 165 165 165 165 165 165 165 165 165 165 165 165 165 165 165 165 165 165 165 165 165 165 165 165 165 165 165 165 165 165 165 165 165 165 165 165 165 165 165 165 165 165 165 165 165 165 165 165 165 165 165 165 165 165 
165 165 165 165 165 165 165 165 165 165 165 165 165 165 165 165 165 165 165 165 165 165 165 165 165 165 165 165 165 165 165 165 165 165 165 165 165 165 165 165 165 165 165 165 165 165 165 165 165 165 165 165 165 165 165 165 165 165 165 165 165 165 165 165 165 165 165 165 165 165 165 165 165 165 165 165 165 165 165 165 165 165 165 165 165 165 165 165 165 165 165 165 165 165 165 165 165 165 165 165 
165 165 165 165 165 165 165 165 165 165 165 165 165 165 165 165 165 165 165 165 165 165 165 165 165 165 165 165 165 165 165 165 165 165 165 165 165 165 165 165 165 165 165 165 165 165 165 165 165 165 165 165 165 165 165 165 165 165 165 165 165 165 165 165 165 165 165 165 165 165 165 165 165 165 165 165 165 165 165 165 165 165 165 165 165 165 165 165 165 165 165 165 165 165 165 165 165 165 165 165 
165 165 165 165 165 165 165 165 165 165 165 165 165 165 165 165 165 165 165 165 165 165 165 165 165 165 165 165 165 165 165 165 165 165 165 165 165 165 165 165 165 165 165 165 165 165 165 165 165 165 165 165 165 165 165 165 165 165 165 165 165 165 165 165 165 165 165 165 165 165 165 165 165 165 165 165 165 165 165 165 165 165 165 165 165 165 165 165 165 165 165 165 165 165 165 165 165 165 165 165 
165 165 165 165 165 165 165 165 165 165 165 165 165 165 165 165 165 165 165 165 165 165 165 165 165 165 165 165 165 165 165 165 165 165 165 165 165 165 165 165 165 165 165 165 165 165 165 165 165 165 165 165 165 165 165 165 165 165 165 165 165 165 165 165 165 165 165 165 165 165 165 165 165 165 165 165 165 165 165 165 165 165 165 165 165 165 165 165 165 165 165 165 165 165 165 165 165 165 165 165 
165 165 165 165 165 165 165 165 165 165 165 165 165 165 165 165 165 165 165 165 165 165 165 165 165 165 165 165 165 165 165 165 165 165 165 165 165 165 165 165 165 165 165 165 165 165 165 165 165 165 165 165 165 165 165 165 165 165 165 165 165 165 165 165 165 165 165 165 165 165 165 165 165 165 165 165 165 165 165 165 165 165 165 165 165 165 165 165 165 165 165 165 165 165 165 165 165 165 165 165 
165 165 165 165 165 165 165 165 165 165 165 165 165 165 165 165 165 165 165 165 165 165 165 165 165 165 165 165 165 165 165 165 165 165 165 165 165 165 165 165 165 165 165 165 165 165 165 165 165 165 165 165 165 165 165 165 165 165 165 165 165 165 165 165 165 165 165 165 165 165 165 165 165 165 165 165 165 165 165 165 165 165 165 165 165 165 165 165 165 165 165 165 165 165 165 165 165 165 165 165 
165 165 165 165 165 165 165 165 165 165 165 165 165 165 165 165 165 165 165 165 165 165 165 165 165 165 165 165 165 165 165 165 165 165 165 165 165 165 165 165 165 165 165 165 165 165 165 165 165 165 165 165 165 165 165 165 165 165 165 165 165 165 165 165 165 165 165 165 165 165 165 165 165 165 165 165 165 165 165 165 165 165 165 165 165 165 165 165 165 165 165 165 165 165 165 165 165 165 165 165 
165 165 165 165 165 165 165 165 165 165 165 165 165 165 165 165 165 165 165 165 165 165 165 165 165 165 165 165 165 165 165 165 165 165 165 165 165 165 165 165 165 165 165 165 165 165 165 165 165 165 165 165 165 165 165 165 165 165 165 165 165 165 165 165 165 165 165 165 165 165 165 165 165 165 165 165 165 165 165 165 165 165 165 165 165 165 165 165 165 165 165 165 165 165 165 165 165 165 165 165 
165 165 165 165 165 165 165 165 165 165 165 165 165 165 165 165 165 165 165 165 165 165 165 165 165 165 165 165 165 165 165 165 165 165 165 165 165 165 165 165 165 165 165 165 165 165 165 165 165 165 165 165 165 165 165 165 165 165 165 165 165 165 165 165 165 165 165 165 165 165 165 165 165 165 165 165 165 165 165 165 165 165 165 165 165 165 165 165 165 165 165 165 165 165 165 165 165 165 165 165 
165 165 165 165 165 165 165 165 165 165 165 165 165 165 165 165 165 165 165 165 165 165 165 165 165 165 165 165 165 165 165 165 165 165 165 165 165 165 165 165 165 165 165 165 165 165 165 165 165 165 165 165 165 165 165 165 165 165 165 165 165 165 165 165 165 165 165 165 165 165 165 165 165 165 165 165 165 165 165 165 165 165 165 165 165 165 165 165 165 165 165 165 165 165 165 165 165 165 165 165 
165 165 165 165 165 165 165 165 165 165 165 165 165 165 165 165 165 165 165 165 165 165 165 165 165 165 165 165 165 165 165 165 165 165 165 165 165 165 165 165 165 165 165 165 165 165 165 165 165 165 165 165 165 165 165 165 165 165 165 165 165 165 165 165 165 165 165 165 165 165 165 165 165 165 165 165 165 165 165 165 165 165 165 165 165 165 165 165 165 165 165 165 165 165 165 165 165 165 165 165 
165 165 165 165 165 165 165 165 165 165 165 165 165 165 165 165 165 165 165 165 165 165 165 165 165 165 165 165 165 165 165 165 165 165 165 165 165 165 165 165 165 165 165 165 165 165 165 165 165 165 165 165 165 165 165 165 165 165 165 165 165 165 165 165 165 165 165 165 165 165 165 165 165 165 165 165 165 165 165 165 165 165 165 165 165 165 165 165 165 165 165 165 165 165 165 165 165 165 165 165 
165 165 165 165 165 165 165 165 165 165 165 165 165 165 165 165 165 165 165 165 165 165 165 165 165 165 165 165 165 165 165 165 165 165 165 165 165 165 165 165 165 165 165 165 165 165 165 165 165 165 165 165 165 165 165 165 165 165 165 165 165 165 165 165 165 165 165 165 165 165 165 165 165 165 165 165 165 165 165 165 165 165 165 165 165 165 165 165 165 165 165 165 165 165 165 165 165 165 165 165 
165 165 165 165 165 165 165 165 165 165 165 165 165 165 165 165 165 165 165 165 165 165 165 165 165 165 165 165 165 165 165 165 165 165 165 165 165 165 165 165 12 16 16 16 16 16 16 138 138 138 138 138 138 138 138 138 138 138 138 138 138 138 138 138 138 138 138 138 138 16 16 16 16 17 165 165 165 165 165 165 165 165 165 165 165 165 165 165 165 165 165 165 165 165 165 165 165 165 165 165 
165 165 165 165 165 165 165 165 165 165 165 165 165 165 165 165 165 165 165 165 165 165 165 165 165 165 165 165 165 165 165 165 165 165 165 165 165 165 165 165 11 41 41 41 41 41 41 138 129 128 127 138 138 129 128 127 138 138 138 138 129 128 127 138 138 129 128 127 138 41 41 41 41 3 165 165 165 165 165 165 165 165 165 165 165 165 165 165 165 165 165 165 165 165 165 165 165 165 165 165 
165 165 165 165 165 165 165 165 165 165 165 165 165 165 165 165 165 165 165 165 165 165 165 165 165 165 165 165 165 165 165 165 165 165 165 165 165 165 165 165 11 41 41 41 41 41 41 134 149 148 147 134 134 149 137 147 70 70 70 70 149 126 147 134 134 149 140 147 131 41 41 41 41 3 165 165 165 165 165 165 165 165 165 165 165 165 165 165 165 165 165 165 165 165 165 165 165 165 165 165 
165 165 165 165 165 165 165 165 165 165 165 165 165 165 165 165 165 165 165 165 165 165 165 165 165 165 165 165 165 165 165 165 165 165 165 165 165 165 165 165 11 41 41 41 41 41 41 134 143 131 141 131 131 143 131 141 144 145 145 146 143 131 141 131 131 143 131 141 131 41 41 41 41 3 165 165 165 165 165 165 165 165 165 165 165 165 165 165 165 165 165 165 165 165 165 165 165 165 165 165 
165 165 165 165 165 165 165 165 165 165 165 165 165 165 165 165 165 165 165 165 165 165 165 165 165 165 165 165 165 165 165 165 165 165 165 165 165 165 165 165 11 41 41 41 41 41 41 134 67 67 67 67 67 67 67 67 67 67 67 67 67 67 67 67 67 67 67 67 131 41 41 41 41 3 165 165 165 165 165 165 165 165 165 165 165 165 165 165 165 165 165 165 165 165 165 165 165 165 165 165 
165 165 165 165 165 165 165 165 165 165 165 165 165 165 165 165 165 165 165 165 165 165 165 165 165 165 165 165 165 165 165 165 165 165 165 165 165 165 165 165 11 41 41 41 41 41 41 134 67 67 67 67 67 67 67 67 67 67 67 67 67 67 67 67 67 67 67 67 131 41 41 41 41 3 165 165 165 165 165 165 165 165 165 165 165 165 165 165 165 165 165 165 165 165 165 165 165 165 165 165 
165 165 165 165 165 165 165 165 165 165 165 165 165 165 165 165 165 165 165 165 165 165 165 165 165 165 165 165 165 165 165 165 165 165 165 165 165 165 165 165 11 41 41 41 41 41 41 134 67 67 67 67 67 67 67 67 67 67 67 67 67 67 67 67 67 67 67 67 131 41 41 41 41 3 165 165 165 165 165 165 165 165 165 165 165 165 165 165 165 165 165 165 165 165 165 165 165 165 165 165 
165 165 165 165 165 165 165 165 165 165 165 165 165 165 165 165 165 165 165 165 165 165 165 165 165 165 165 165 165 165 165 165 165 165 165 165 165 165 165 165 11 41 41 41 41 41 41 131 134 134 134 134 134 134 134 134 130 67 67 130 134 134 134 134 134 134 134 134 134 41 41 41 41 3 165 165 165 165 165 165 165 165 165 165 165 165 165 165 165 165 165 165 165 165 165 165 165 165 165 165 
165 165 165 165 165 165 165 165 165 165 165 165 165 165 165 165 165 165 165 165 165 165 165 165 165 165 165 165 165 165 165 165 165 165 165 165 165 165 165 165 11 41 41 41 41 41 41 41 41 41 41 41 41 41 41 51 130 67 67 130 38 41 41 41 41 41 41 41 41 41 41 41 41 3 165 165 165 165 165 165 165 165 165 165 165 165 165 165 165 165 165 165 165 165 165 165 165 165 165 165 
165 165 165 165 165 165 165 165 165 165 165 165 165 165 165 165 165 165 165 165 165 165 165 165 165 165 165 165 165 165 165 165 165 165 165 165 165 165 165 165 0 41 41 41 41 41 41 41 41 41 41 41 41 41 41 51 130 67 67 130 38 41 41 41 41 41 41 41 41 41 41 41 41 3 165 165 165 165 165 165 165 165 165 165 165 165 165 165 165 165 165 165 165 165 165 165 165 165 165 165 
165 165 165 165 165 165 165 165 165 165 165 165 165 165 165 165 165 165 12 16 16 16 16 16 16 16 16 16 16 16 16 16 16 16 16 16 16 16 16 15 41 41 41 41 41 41 41 41 41 41 41 41 41 41 41 51 130 67 67 130 38 41 41 41 41 41 41 41 41 41 41 41 41 3 165 165 165 165 165 165 165 165 165 165 165 165 165 165 165 165 165 165 165 165 165 165 165 165 165 165 
165 165 165 165 165 165 165 165 165 165 165 165 165 165 165 165 165 165 11 41 41 41 41 41 41 41 41 41 41 41 41 41 41 41 41 41 41 41 41 41 41 41 41 41 41 41 41 41 41 41 41 41 41 41 41 51 130 67 67 130 38 41 41 41 41 41 41 41 41 41 41 41 41 3 165 165 165 165 165 165 165 165 165 165 165 165 165 165 165 165 165 165 165 165 165 165 165 165 165 165 
165 165 165 165 165 165 165 165 165 165 165 165 165 165 165 165 165 165 11 41 41 41 41 41 41 41 41 41 41 41 41 41 41 41 41 41 41 41 41 41 41 41 41 41 41 41 41 41 51 51 51 51 51 51 51 51 51 51 51 51 51 51 51 51 51 38 41 41 41 41 41 41 41 3 165 165 165 165 165 165 165 165 165 165 165 165 165 165 165 165 165 165 165 165 165 165 165 165 165 165 
165 165 165 165 165 165 165 165 165 165 165 165 165 165 165 165 165 165 11 41 41 41 41 41 41 41 41 41 41 41 41 41 41 41 41 41 41 41 41 41 41 41 51 51 51 51 51 51 51 51 51 51 51 51 51 51 51 51 51 51 51 51 51 51 51 38 41 41 41 41 41 41 41 3 165 165 165 165 165 165 165 165 165 165 165 165 165 165 165 165 165 165 165 165 165 165 165 165 165 165 
165 165 165 165 165 165 165 165 165 165 165 165 165 165 165 165 165 165 11 41 41 41 41 41 41 41 41 41 41 41 41 41 41 41 41 41 41 41 41 41 41 41 51 51 51 51 51 51 51 51 51 51 51 51 51 51 51 51 51 51 51 51 51 51 51 38 41 41 41 41 41 41 41 3 165 165 165 165 165 165 165 165 165 165 165 165 165 165 165 165 165 165 165 165 165 165 165 165 165 165 
165 165 165 165 165 165 165 165 165 165 165 165 165 165 165 165 165 165 11 41 41 41 41 41 41 41 41 41 41 41 41 41 41 41 41 41 41 41 41 41 41 51 51 51 51 51 51 38 41 51 51 38 41 51 51 51 51 51 51 51 51 51 51 51 51 38 41 41 41 41 41 41 41 3 165 165 165 165 165 165 165 165 165 165 165 165 165 165 165 165 165 165 165 165 165 165 165 165 165 165 
165 165 165 165 165 165 165 165 165 165 165 165 165 165 165 165 165 165 11 41 41 41 41 41 41 41 41 41 41 41 41 41 41 41 41 41 41 51 51 51 51 51 51 51 51 51 51 38 41 41 41 41 41 51 51 51 51 51 51 51 51 51 51 51 51 38 41 41 41 41 41 41 41 41 14 16 16 16 16 17 165 165 165 165 165 165 165 165 165 165 165 165 165 165 165 165 165 165 165 165 
165 165 165 165 165 165 165 165 165 165 165 165 165 165 165 165 165 165 11 41 41 41 41 41 41 41 41 41 41 41 41 41 41 41 41 41 41 51 51 51 51 51 51 51 51 51 51 38 41 41 41 41 41 41 41 41 51 51 51 51 51 51 51 51 38 41 41 41 41 41 41 41 41 41 41 41 41 41 41 3 165 165 165 165 165 165 165 165 165 165 165 165 165 165 165 165 165 165 165 165 
165 165 165 165 165 165 165 165 165 165 165 165 165 165 165 165 165 165 11 41 41 41 41 41 41 41 41 41 41 41 41 41 41 41 41 41 41 51 51 51 51 51 51 51 51 38 41 41 41 41 41 41 41 41 41 41 41 51 51 51 51 51 51 38 41 41 41 41 41 41 41 41 41 41 41 41 41 41 41 3 165 165 165 165 165 165 165 165 165 165 165 165 165 165 165 165 165 165 165 165 
165 165 165 165 165 165 165 165 165 165 165 165 165 165 165 165 165 165 11 41 41 41 41 41 41 41 41 41 41 41 41 41 41 41 41 41 41 51 51 51 51 51 51 51 38 41 41 41 41 41 41 41 41 41 41 41 41 41 51 51 51 51 51 51 38 41 41 41 41 41 41 41 41 41 41 41 41 41 41 3 165 165 165 165 165 165 165 165 165 165 165 165 165 165 165 165 165 165 165 165 
165 165 165 165 165 165 165 165 165 165 165 165 165 165 165 165 165 165 11 41 41 41 41 41 41 41 41 41 41 41 41 41 41 51 51 51 51 51 51 51 51 38 41 41 41 41 41 41 41 41 41 41 41 41 41 41 51 51 51 51 51 51 51 38 41 41 41 41 41 41 41 41 41 41 41 41 41 41 41 3 165 165 165 165 165 165 165 165 165 165 165 165 165 165 165 165 165 165 165 165 
165 165 165 165 165 165 165 165 165 165 165 165 165 165 165 165 165 165 11 41 41 41 41 41 41 41 41 41 41 41 41 41 51 51 51 51 51 51 51 38 41 41 41 41 41 41 41 41 41 41 41 41 41 41 41 41 51 51 51 51 51 51 51 51 51 38 41 41 41 41 41 41 41 41 41 41 41 41 41 3 165 165 165 165 165 165 165 165 165 165 165 165 165 165 165 165 165 165 165 165 
165 165 165 165 165 165 165 165 165 165 165 165 165 165 165 165 165 165 11 41 41 41 41 41 41 41 41 41 41 41 41 41 51 51 51 51 51 51 38 41 41 41 41 41 41 41 41 41 41 41 41 41 41 51 51 51 51 51 51 51 51 51 51 51 51 38 41 41 41 41 41 41 41 41 41 41 41 41 41 3 165 165 165 165 165 165 165 165 165 165 165 165 165 165 165 165 165 165 165 165 
165 165 165 165 165 165 165 165 165 165 165 165 165 165 165 165 165 165 11 41 41 41 41 41 41 41 41 41 41 51 51 51 51 51 51 51 51 51 38 41 41 41 41 41 41 41 41 41 41 41 41 41 41 51 51 51 51 51 51 51 51 51 51 51 51 51 38 41 41 41 41 41 41 41 41 41 41 41 41 3 165 165 165 165 165 165 165 165 165 165 165 165 165 165 165 165 165 165 165 165 
165 165 165 165 165 165 165 165 165 165 165 165 165 165 165 165 165 165 11 41 41 41 41 41 41 41 41 41 51 51 51 51 51 51 51 38 41 41 41 41 41 41 41 41 41 41 41 41 41 51 51 51 41 51 51 51 51 51 51 51 51 51 51 51 38 41 41 41 41 41 48 41 41 41 41 41 41 41 41 3 165 165 165 165 165 165 165 165 165 165 165 165 165 165 165 165 165 165 165 165 
165 165 165 165 165 165 165 165 165 165 165 165 165 165 165 165 165 165 11 41 41 41 41 41 41 51 51 51 51 51 51 51 51 51 38 41 41 41 41 41 41 41 41 41 41 41 41 41 41 41 51 51 51 51 51 51 51 51 51 51 51 51 51 51 38 41 41 41 41 41 41 41 41 41 41 41 41 41 41 3 165 165 165 165 165 165 165 165 165 165 165 165 165 165 165 165 165 165 165 165 
165 165 165 165 165 165 165 165 165 165 165 165 165 165 165 165 165 165 11 41 41 41 41 51 51 51 51 51 51 51 51 51 51 51 38 41 41 41 41 41 41 41 41 41 41 41 41 41 51 51 51 51 51 51 51 51 51 51 51 51 51 51 51 38 41 41 41 41 41 41 41 41 41 41 41 41 41 41 41 3 165 165 165 165 165 165 165 165 165 165 165 165 165 165 165 165 165 165 165 165 
165 165 165 165 165 165 165 165 165 165 165 165 165 165 165 165 165 165 0 41 41 51 51 51 51 51 51 51 51 38 41 41 41 41 41 41 41 41 41 41 41 41 41 41 41 41 41 41 41 51 51 51 51 51 51 51 51 51 51 51 51 51 38 41 41 41 41 41 41 41 41 41 41 41 41 41 41 41 41 3 165 165 165 165 165 165 165 165 165 165 165 165 165 165 165 165 165 165 165 165 
165 165 165 165 165 165 12 16 16 16 16 16 16 16 16 16 16 15 41 41 41 51 51 51 51 51 51 38 41 41 21 21 21 21 21 21 21 21 21 21 21 21 41 41 41 41 41 41 51 51 51 51 51 51 51 51 51 38 41 41 41 41 41 41 41 41 41 41 41 41 41 41 41 41 41 41 41 41 41 3 165 165 165 165 165 165 165 165 165 165 165 165 165 165 165 165 165 165 165 165 
165 165 165 165 165 165 11 41 41 41 41 41 41 41 41 41 41 41 41 51 51 51 51 51 51 51 38 41 41 41 21 80 80 80 80 80 80 80 80 80 80 21 41 41 41 41 41 41 41 41 41 51 51 51 51 51 51 51 38 41 41 41 41 41 41 41 41 41 41 41 41 41 41 41 41 41 41 41 41 3 165 165 165 165 165 165 165 165 165 165 165 165 165 165 165 165 165 165 165 165 
165 165 165 165 165 165 11 41 41 41 41 41 41 41 41 41 41 41 51 51 51 51 38 41 41 41 41 41 41 41 21 80 80 80 80 80 80 80 80 80 80 21 41 41 41 41 45 45 45 45 45 51 51 51 51 51 51 51 51 51 51 38 41 41 41 41 41 41 41 41 41 41 41 41 41 41 41 41 41 3 165 165 165 165 165 165 165 165 165 165 165 165 165 165 165 165 165 165 165 165 
165 165 165 165 165 165 11 41 41 41 41 41 41 41 41 41 41 41 51 51 51 38 27 27 41 41 41 41 41 41 21 80 80 80 80 80 80 80 80 80 80 21 51 41 41 41 39 51 51 51 51 51 51 51 44 44 44 44 44 51 51 51 51 38 41 41 41 41 41 41 41 41 41 41 41 41 41 41 41 3 165 165 165 165 165 165 165 165 165 165 165 165 165 165 165 165 165 165 165 165 
165 165 165 165 165 165 11 41 51 51 51 51 51 51 51 51 51 51 51 38 41 41 27 27 27 41 41 41 41 41 21 80 80 80 80 80 80 80 80 80 80 21 51 51 51 51 51 51 51 51 44 44 44 44 41 41 41 41 41 41 41 39 51 51 51 38 41 41 41 41 41 41 41 41 41 41 41 41 41 3 165 165 165 165 165 165 165 165 165 165 165 165 165 165 165 165 165 165 165 165 
165 165 165 165 165 165 11 41 51 51 51 51 51 51 51 51 51 51 38 41 41 41 41 27 27 27 41 41 41 41 21 21 21 21 21 21 21 21 21 21 21 21 41 41 51 51 51 51 51 51 41 41 41 41 41 41 41 41 41 41 41 41 41 39 51 51 51 38 41 41 41 41 41 41 41 41 41 41 41 41 14 16 16 16 16 17 165 165 165 165 165 165 165 165 165 165 165 165 165 165 
165 165 165 165 165 165 11 41 41 51 51 51 51 51 51 38 41 41 41 41 41 41 41 41 27 27 27 41 41 41 21 21 35 21 21 21 21 21 21 35 21 21 41 41 51 51 51 51 51 51 41 41 41 41 41 41 41 41 41 41 41 41 41 41 41 39 51 51 38 41 41 41 41 41 41 41 41 41 41 41 41 41 41 41 41 3 165 165 165 165 165 165 165 165 165 165 165 165 165 165 
165 165 165 165 165 165 11 41 41 41 51 51 51 41 41 41 41 41 41 41 41 41 41 41 41 27 27 27 41 41 21 21 150 21 21 157 157 21 21 150 21 21 41 51 51 51 51 51 51 51 41 41 41 41 41 41 41 41 41 41 41 41 41 41 41 41 39 51 51 51 38 41 41 41 41 41 41 41 41 41 41 41 41 41 41 3 165 165 165 165 165 165 165 165 165 165 165 165 165 165 
165 165 165 165 165 165 11 41 21 21 21 156 21 21 21 21 21 21 21 21 41 41 41 41 41 41 27 27 27 41 41 41 41 41 51 51 51 51 51 51 51 51 51 51 51 51 41 41 41 51 41 41 41 41 41 41 41 41 41 41 41 41 48 41 41 41 41 41 41 44 51 48 38 41 41 41 41 41 41 41 41 41 41 41 41 3 165 165 165 165 165 165 165 165 165 165 165 165 165 165 
165 165 165 165 165 165 11 41 21 80 80 80 80 80 80 80 80 80 80 21 41 41 41 41 41 41 41 27 27 27 41 41 41 51 51 51 51 51 51 51 51 51 51 51 51 41 41 41 41 41 41 41 41 48 41 41 41 41 41 41 41 41 41 41 41 41 41 41 41 27 39 51 51 48 45 41 41 41 41 41 41 41 41 41 41 3 165 165 165 165 165 165 165 165 165 165 165 165 165 165 
165 165 165 165 165 165 11 41 21 80 80 80 80 80 80 80 80 80 80 21 41 41 41 41 41 41 41 41 27 27 27 51 51 51 51 51 51 51 51 51 51 51 51 51 51 41 41 41 41 41 41 41 41 41 41 41 41 41 41 48 41 41 41 48 41 41 41 41 41 27 27 27 39 51 51 38 41 41 41 41 41 41 41 41 41 3 165 165 165 165 165 165 165 165 165 165 165 165 165 165 
165 165 165 165 165 165 11 41 21 80 80 80 80 80 80 80 80 80 80 21 41 41 41 41 41 41 41 41 41 27 51 51 51 51 51 51 51 51 51 51 51 51 51 51 51 41 41 41 48 41 41 41 41 41 41 41 41 41 41 41 41 41 41 41 41 41 41 41 27 27 27 41 41 39 51 48 45 41 41 41 41 41 41 41 41 3 165 165 165 165 165 165 165 165 165 165 165 165 165 165 
165 165 165 165 165 165 11 41 21 21 21 21 21 21 21 21 21 21 21 21 41 41 41 41 41 41 41 41 41 41 51 51 51 51 51 51 51 51 51 51 51 51 41 41 41 41 41 41 41 41 41 41 41 41 41 41 41 41 41 41 41 41 41 41 41 41 41 27 27 27 41 41 41 39 51 51 38 41 41 41 41 41 41 41 41 3 165 165 165 165 165 165 165 165 165 165 165 165 165 165 
165 165 165 165 165 165 11 41 21 21 37 21 21 21 21 21 21 37 21 21 41 41 41 41 41 41 41 41 41 41 51 51 51 51 51 51 51 51 51 51 51 51 51 41 41 41 41 41 41 41 41 41 41 41 41 41 41 41 41 41 41 41 41 27 27 27 27 27 27 41 41 41 41 41 39 51 38 41 41 41 41 41 41 41 41 3 165 165 165 165 165 165 165 165 165 165 165 165 165 165 
165 165 165 165 165 165 11 41 41 41 41 41 41 41 41 41 41 41 41 41 41 41 41 41 41 41 41 41 41 41 51 51 51 51 51 51 51 51 51 51 51 51 51 41 41 41 41 41 41 41 41 41 41 41 41 41 41 41 41 41 41 41 27 27 27 27 27 27 41 41 41 41 41 41 39 51 48 45 41 41 41 41 41 41 41 3 165 165 165 165 165 165 165 165 165 165 165 165 165 165 
165 165 165 165 165 165 11 41 41 41 41 41 41 41 41 41 41 41 41 41 41 41 41 41 41 41 41 41 41 51 51 51 51 51 51 51 51 51 51 51 51 51 51 41 41 41 41 41 41 41 41 41 41 41 41 41 27 27 27 27 27 27 27 27 41 41 41 41 41 41 41 41 41 41 39 51 51 38 41 41 41 41 41 41 41 3 165 165 165 165 165 165 165 165 165 165 165 165 165 165 
165 165 165 165 165 165 11 41 41 41 41 41 41 41 41 41 41 41 41 41 41 41 41 41 41 41 41 41 51 51 51 51 51 51 51 51 51 51 51 51 51 51 51 51 51 27 27 27 27 27 27 27 27 27 27 27 27 27 27 27 27 27 27 41 41 41 41 41 41 41 41 41 41 41 39 51 51 38 41 41 41 41 41 41 41 3 165 165 165 165 165 165 165 165 165 165 165 165 165 165 
165 165 165 165 165 165 11 41 41 41 41 41 41 41 41 41 41 41 41 41 41 41 41 41 41 41 41 41 41 51 51 51 51 51 51 51 51 51 51 51 51 51 51 51 51 27 27 27 27 27 27 27 27 27 27 27 27 27 27 41 41 41 41 41 41 41 41 41 41 41 41 41 41 41 39 51 51 38 41 41 41 41 41 41 41 3 165 165 165 165 165 165 165 165 165 165 165 165 165 165 
165 165 165 165 165 165 11 41 41 41 41 41 41 41 41 41 41 41 41 41 41 41 41 41 41 41 41 41 41 51 51 51 51 51 51 51 51 51 51 51 51 51 51 51 51 41 41 41 41 41 41 41 41 41 41 41 41 41 41 41 41 41 41 41 41 41 41 41 41 41 41 21 21 21 21 21 157 21 21 21 21 41 41 41 41 3 165 165 165 165 165 165 165 165 165 165 165 165 165 165 
165 165 165 165 165 165 9 5 5 5 5 5 5 5 5 5 5 5 5 5 5 5 5 5 5 6 41 41 41 51 51 51 51 51 51 51 51 51 51 51 51 51 51 51 51 41 41 41 41 41 41 41 41 41 41 41 41 41 41 48 41 41 41 41 41 41 41 41 48 41 41 21 80 80 80 80 80 80 80 80 21 41 41 41 41 3 165 165 165 165 165 165 165 165 165 165 165 165 165 165 
165 165 165 165 165 165 165 165 165 165 165 165 165 165 165 165 165 165 165 165 165 165 165 165 165 165 11 41 41 51 51 51 51 51 51 51 51 51 51 51 51 51 51 51 41 41 41 41 41 48 41 41 41 41 41 41 41 41 41 41 41 41 41 41 41 41 41 41 41 41 41 21 80 80 80 80 80 80 80 80 21 41 41 41 41 3 165 165 165 165 165 165 165 165 165 165 165 165 165 165 
165 165 165 165 165 165 165 165 165 165 165 165 165 165 165 165 165 165 165 165 165 165 165 165 165 165 11 41 41 51 51 51 51 51 51 51 51 51 51 51 51 51 51 51 51 41 41 41 41 41 41 41 41 41 41 41 41 41 41 41 41 41 41 41 41 41 41 41 41 41 41 21 80 80 80 80 80 80 80 80 21 41 41 41 41 3 165 165 165 165 165 165 165 165 165 165 165 165 165 165 
165 165 165 165 165 165 165 165 165 165 165 169 165 169 165 165 165 165 165 165 165 165 165 165 165 165 11 41 41 41 51 51 51 51 51 51 51 51 51 51 51 51 51 51 51 51 51 51 41 41 41 41 48 41 41 41 41 41 41 41 41 41 41 41 41 41 41 41 41 41 41 21 21 21 21 21 21 21 21 21 21 41 41 41 41 3 165 165 165 165 165 165 165 165 165 165 165 165 165 165 
165 165 165 165 165 165 165 165 165 165 165 165 165 165 165 165 165 165 165 165 165 165 165 165 165 165 11 41 41 41 51 51 51 51 51 51 51 51 51 51 51 51 51 51 51 51 51 51 51 51 51 41 41 41 41 41 41 41 41 41 41 41 41 41 41 41 41 41 41 41 41 21 21 37 21 21 21 21 37 21 21 41 41 41 41 3 165 165 165 165 165 165 165 165 165 165 165 165 165 165 
165 165 165 165 165 165 165 165 165 165 165 165 165 165 165 165 165 165 165 165 165 165 165 165 165 165 11 41 41 41 51 41 41 41 41 41 41 41 41 41 51 51 51 51 51 51 51 51 51 51 51 51 41 41 48 41 41 41 41 5 5 5 5 5 5 5 5 5 5 5 5 5 5 5 5 5 5 5 5 5 5 5 5 5 5 1 165 165 165 165 165 165 165 165 165 165 165 165 165 165 
165 165 165 165 165 165 165 165 165 165 165 165 165 165 165 165 165 165 165 165 165 165 165 165 165 165 11 41 41 41 41 41 41 41 41 41 41 41 41 41 51 51 51 51 51 51 51 51 51 51 51 51 41 41 41 41 41 41 41 3 165 165 165 165 165 165 165 165 165 165 165 165 165 165 165 165 165 165 165 165 165 165 165 165 165 165 165 165 165 165 165 165 165 165 165 165 165 165 165 165 
165 165 165 165 165 165 165 165 165 165 165 165 165 165 165 165 165 165 165 165 165 165 165 165 165 165 11 41 41 41 41 41 41 41 41 41 41 41 41 41 51 51 51 51 51 51 51 51 51 51 51 51 51 41 41 41 41 48 41 3 165 165 165 165 165 165 165 165 165 165 165 165 165 165 165 165 165 165 165 165 165 165 165 165 165 165 165 165 165 165 165 165 165 165 165 165 165 165 165 165 
165 165 165 165 165 165 165 165 165 165 165 165 165 165 165 165 165 165 165 165 165 165 165 165 165 165 11 41 41 41 41 41 41 41 41 41 41 41 41 41 41 41 51 51 51 51 51 51 51 51 51 51 51 41 41 41 41 41 41 3 165 165 165 165 165 165 165 165 165 165 165 165 165 165 165 165 165 165 165 165 165 165 165 165 165 165 165 165 165 165 165 165 165 165 165 165 165 165 165 165 
165 165 165 165 165 165 165 165 165 165 165 165 165 165 165 165 165 165 165 165 165 165 165 165 165 165 11 41 41 41 41 41 41 41 41 41 41 41 41 41 41 51 51 51 51 51 51 51 51 51 51 51 51 41 41 41 48 41 41 3 165 165 165 165 165 165 165 165 165 165 165 165 165 165 165 165 165 165 165 165 165 165 165 165 165 165 165 165 165 165 165 165 165 165 165 165 165 165 165 165 
165 165 165 165 165 165 165 165 165 165 165 165 165 165 165 165 165 165 165 165 165 165 165 165 165 165 11 41 41 41 41 41 41 41 41 41 41 41 41 41 41 41 41 41 41 41 51 51 51 51 51 51 51 51 51 51 41 41 41 3 165 165 165 165 165 165 165 165 165 165 165 165 165 165 165 165 165 165 165 165 165 165 165 165 165 165 165 165 165 165 165 165 165 165 165 165 165 165 165 165 
165 165 165 165 165 165 165 165 165 165 165 165 165 165 165 165 165 165 165 165 165 165 165 165 165 165 11 41 41 41 41 41 41 41 41 41 41 41 41 41 41 41 41 41 41 41 51 51 51 51 51 51 51 51 51 41 41 41 41 3 165 165 165 165 165 165 165 165 165 165 165 165 165 165 165 165 165 165 165 165 165 165 165 165 165 165 165 165 165 165 165 165 165 165 165 165 165 165 165 165 
165 165 165 165 165 165 165 165 165 165 165 165 165 165 165 165 165 165 165 165 165 165 165 165 165 165 11 41 41 41 41 41 41 41 41 41 41 41 41 41 41 41 41 41 41 41 41 51 51 51 51 51 51 51 51 51 41 41 41 3 165 165 165 165 165 165 165 165 165 165 165 165 165 165 165 165 165 165 165 165 165 165 165 165 165 165 165 165 165 165 165 165 165 165 165 165 165 165 165 165 
165 165 165 165 165 165 165 165 165 165 165 165 165 165 165 165 165 165 165 165 165 165 165 165 165 165 11 41 41 41 41 41 41 41 41 41 41 41 41 41 41 41 41 41 41 41 51 51 51 51 51 51 51 51 51 41 41 41 41 3 165 165 165 165 165 165 165 165 165 165 165 165 165 165 165 165 165 165 165 165 165 165 165 165 165 165 165 165 165 165 165 165 165 165 165 165 165 165 165 165 
165 165 165 165 165 165 165 165 165 165 165 165 165 165 165 165 165 165 165 165 165 165 165 165 165 165 11 41 41 41 41 41 41 41 41 41 41 41 41 41 41 41 41 41 41 41 41 41 41 51 51 51 41 41 41 41 41 41 41 3 165 165 165 165 165 165 165 165 165 165 165 165 165 165 165 165 165 165 165 165 165 165 165 165 165 165 165 165 165 165 165 165 165 165 165 165 165 165 165 165 
165 165 165 165 165 165 165 165 165 165 165 165 165 165 165 165 165 165 165 165 165 165 165 165 165 165 11 41 41 41 41 41 41 41 41 41 41 41 41 41 41 41 41 41 41 41 41 41 41 41 41 41 41 41 41 41 41 41 41 3 165 165 165 165 165 165 165 165 165 165 165 165 165 165 165 165 165 165 165 165 165 165 165 165 165 165 165 165 165 165 165 165 165 165 165 165 165 165 165 165 
165 165 165 165 165 165 165 165 165 165 165 165 165 165 165 165 165 165 165 165 165 165 165 165 165 165 9 5 5 5 5 5 5 5 5 5 5 5 5 5 5 5 5 5 5 5 5 5 5 5 5 5 5 5 5 5 5 5 5 1 165 165 165 165 165 165 165 165 165 165 165 165 165 165 165 165 165 165 165 165 165 165 165 165 165 165 165 165 165 165 165 165 165 165 165 165 165 165 165 165 
165 165 165 165 165 165 165 165 165 165 165 165 165 165 165 165 165 165 165 165 165 165 165 165 165 165 165 165 165 165 165 165 165 165 165 165 165 165 165 165 165 165 165 165 165 165 165 165 165 165 165 165 165 165 165 165 165 165 165 165 165 165 165 165 165 165 165 165 165 165 165 165 165 165 165 165 165 165 165 165 165 165 165 165 165 165 165 165 165 165 165 165 165 165 165 165 165 165 165 165 
165 165 165 165 165 165 165 165 165 165 165 165 165 165 165 165 165 165 165 165 165 165 165 165 165 165 165 165 165 165 165 165 165 165 165 165 165 165 165 165 165 165 165 165 165 165 165 165 165 165 165 165 165 165 165 165 165 165 165 165 165 165 165 165 165 165 165 165 165 165 165 165 165 165 165 165 165 165 165 165 165 165 165 165 165 165 165 165 165 165 165 165 165 165 165 165 165 165 165 165 
165 165 165 165 165 165 165 165 165 165 165 165 165 165 165 165 165 165 165 165 165 165 165 165 165 165 165 165 165 165 165 165 165 165 165 165 165 165 165 165 165 165 165 165 165 165 165 165 165 165 165 165 165 165 165 165 165 165 165 165 165 165 165 165 165 165 165 165 165 165 165 165 165 165 165 165 165 165 165 165 165 165 165 165 165 165 165 165 165 165 165 165 165 165 165 165 165 165 165 165 
165 165 165 165 165 165 165 165 165 165 165 165 165 165 165 165 165 165 165 165 165 165 165 165 165 165 165 165 165 165 165 165 165 165 165 165 165 165 165 165 165 165 165 165 165 165 165 165 165 165 165 165 165 165 165 165 165 165 165 165 165 165 165 165 165 165 165 165 165 165 165 165 165 165 165 165 165 165 165 165 165 165 165 165 165 165 165 165 165 165 165 165 165 165 165 165 165 165 165 165 
165 165 165 165 165 165 165 165 165 165 165 165 165 165 165 165 165 165 165 165 165 165 165 165 165 165 165 165 165 165 165 165 165 165 165 165 165 165 165 165 165 165 165 165 165 165 165 165 165 165 165 165 165 165 165 165 165 165 165 165 165 165 165 165 165 165 165 165 165 165 165 165 165 165 165 165 165 165 165 165 165 165 165 165 165 165 165 165 165 165 165 165 165 165 165 165 165 165 165 165 
165 165 165 165 165 165 165 165 165 165 165 165 165 165 165 165 165 165 165 165 165 165 165 165 165 165 165 165 165 165 165 165 165 165 165 165 165 165 165 165 165 165 165 165 165 165 165 165 165 165 165 165 165 165 165 165 165 165 165 165 165 165 165 165 165 165 165 165 165 165 165 165 165 165 165 165 165 165 165 165 165 165 165 165 165 165 165 165 165 165 165 165 165 165 165 165 165 165 165 165 
165 165 165 165 165 165 165 165 165 165 165 165 165 165 165 165 165 165 165 165 165 165 165 165 165 165 165 165 165 165 165 165 165 165 165 165 165 165 165 165 165 165 165 165 165 165 165 165 165 165 165 165 165 165 165 165 165 165 165 165 165 165 165 165 165 165 165 165 165 165 165 165 165 165 165 165 165 165 165 165 165 165 165 165 165 165 165 165 165 165 165 165 165 165 165 165 165 165 165 165 
165 165 165 165 165 165 165 165 165 165 165 165 165 165 165 165 165 165 165 165 165 165 165 165 165 165 165 165 165 165 165 165 165 165 165 165 165 165 165 165 165 165 165 165 165 165 165 165 165 165 165 165 165 165 165 165 165 165 165 165 165 165 165 165 165 165 165 165 165 165 165 165 165 165 165 165 165 165 165 165 165 165 165 165 165 165 165 165 165 165 165 165 165 165 165 165 165 165 165 165 
165 165 165 165 165 165 165 165 165 165 165 165 165 165 165 165 165 165 165 165 165 165 165 165 165 165 165 165 165 165 165 165 165 165 165 165 165 165 165 165 165 165 165 165 165 165 165 165 165 165 165 165 165 165 165 165 165 165 165 165 165 165 165 165 165 165 165 165 165 165 165 165 165 165 165 165 165 165 165 165 165 165 165 165 165 165 165 165 165 165 165 165 165 165 165 165 165 165 165 165 
165 165 165 165 165 165 165 165 165 165 165 165 165 165 165 165 165 165 165 165 165 165 165 165 165 165 165 165 165 165 165 165 165 165 165 165 165 165 165 165 165 165 165 165 165 165 165 165 165 165 165 165 165 165 165 165 165 165 165 165 165 165 165 165 165 165 165 165 165 165 165 165 165 165 165 165 165 165 165 165 165 165 165 165 165 165 165 165 165 165 165 165 165 165 165 165 165 165 165 165 
165 165 165 165 165 165 165 165 165 165 165 165 165 165 165 165 165 165 165 165 165 165 165 165 165 165 165 165 165 165 165 165 165 165 165 165 165 165 165 165 165 165 165 165 165 165 165 165 165 165 165 165 165 165 165 165 165 165 165 165 165 165 165 165 165 165 165 165 165 165 165 165 165 165 165 165 165 165 165 165 165 165 165 165 165 165 165 165 165 165 165 165 165 165 165 165 165 165 165 165 
165 165 165 165 165 165 165 165 165 165 165 165 165 165 165 165 165 165 165 165 165 165 165 165 165 165 165 165 165 165 165 165 165 165 165 165 165 165 165 165 165 165 165 165 165 165 165 165 165 165 165 165 165 165 165 165 165 165 165 165 165 165 165 165 165 165 165 165 165 165 165 165 165 165 165 165 165 165 165 165 165 165 165 165 165 165 165 165 165 165 165 165 165 165 165 165 165 165 165 165 
165 165 165 165 165 165 165 165 165 165 165 165 165 165 165 165 165 165 165 165 165 165 165 165 165 165 165 165 165 165 165 165 165 165 165 165 165 165 165 165 165 165 165 165 165 165 165 165 165 165 165 165 165 165 165 165 165 165 165 165 165 165 165 165 165 165 165 165 165 165 165 165 165 165 165 165 165 165 165 165 165 165 165 165 165 165 165 165 165 165 165 165 165 165 165 165 165 165 165 165 
165 165 165 165 165 165 165 165 165 165 165 165 165 165 165 165 165 165 165 165 165 165 165 165 165 165 165 165 165 165 165 165 165 165 165 165 165 165 165 165 165 165 165 165 165 165 165 165 165 165 165 165 165 165 165 165 165 165 165 165 165 165 165 165 165 165 165 165 165 165 165 165 165 165 165 165 165 165 165 165 165 165 165 165 165 165 165 165 165 165 165 165 165 165 165 165 165 165 165 165 
165 165 165 165 165 165 165 165 165 165 165 165 165 165 165 165 165 165 165 165 165 165 165 165 165 165 165 165 165 165 165 165 165 165 165 165 165 165 165 165 165 165 165 165 165 165 165 165 165 165 165 165 165 165 165 165 165 165 165 165 165 165 165 165 165 165 165 165 165 165 165 165 165 165 165 165 165 165 165 165 165 165 165 165 165 165 165 165 165 165 165 165 165 165 165 165 165 165 165 165 
165 165 165 165 165 165 165 165 165 165 165 165 165 165 165 165 165 165 165 165 165 165 165 165 165 165 165 165 165 165 165 165 165 165 165 165 165 165 165 165 165 165 165 165 165 165 165 165 165 165 165 165 165 165 165 165 165 165 165 165 165 165 165 165 165 165 165 165 165 165 165 165 165 165 165 165 165 165 165 165 165 165 165 165 165 165 165 165 165 165 165 165 165 165 165 165 165 165 165 165 
165 165 165 165 165 165 165 165 165 165 165 165 165 165 165 165 165 165 165 165 165 165 165 165 165 165 165 165 165 165 165 165 165 165 165 165 165 165 165 165 165 165 165 165 165 165 165 165 165 165 165 165 165 165 165 165 165 165 165 165 165 165 165 165 165 165 165 165 165 165 165 165 165 165 165 165 165 165 165 165 165 165 165 165 165 165 165 165 165 165 165 165 165 165 165 165 165 165 165 165 
165 165 165 165 165 165 165 165 165 165 165 165 165 165 165 165 165 165 165 165 165 165 165 165 165 165 165 165 165 165 165 165 165 165 165 165 165 165 165 165 165 165 165 165 165 165 165 165 165 165 165 165 165 165 165 165 165 165 165 165 165 165 165 165 165 165 165 165 165 165 165 165 165 165 165 165 165 165 165 165 165 165 165 165 165 165 165 165 165 165 165 165 165 165 165 165 165 165 165 165 
165 165 165 165 165 165 165 165 165 165 165 165 165 165 165 165 165 165 165 165 165 165 165 165 165 165 165 165 165 165 165 165 165 165 165 165 165 165 165 165 165 165 165 165 165 165 165 165 165 165 165 165 165 165 165 165 165 165 165 165 165 165 165 165 165 165 165 165 165 165 165 165 165 165 165 165 165 165 165 165 165 165 165 165 165 165 165 165 165 165 165 165 165 165 165 165 165 165 165 165 
70 70 70 70 70 70 70 70 70 70 70 70 70 70 70 70 70 70 70 70 70 70 70 70 70 70 70 70 70 70 70 70 70 70 70 70 70 70 70 70 70 70 70 70 70 70 70 70 70 70 70 70 70 70 70 70 70 70 70 70 70 70 70 70 70 70 70 70 70 70 70 70 70 70 70 70 70 70 70 70 70 70 70 70 70 70 70 70 70 70 70 70 70 70 70 70 70 70 70 70 
